10 10
1 1 5608354.493733
1 2 56114683.427618
1 3 97776068.770317
1 4 42109618.367964
1 5 56304033.664685
1 6 99622611.476019
1 7 8559557.816108
1 8 18556827.091627
1 9 97757728.300308
1 10 56785722.931945
2 1 10503849.180647
2 2 46662085.802629
2 3 31134862.504073
2 4 55163498.282501
2 5 77288957.596189
2 6 89031292.361484
2 7 81330612.709571
2 8 26243297.917875
2 9 8583541.507658
2 10 40812987.447080
3 1 2041536.164310
3 2 93885168.289533
3 3 78267351.130880
3 4 88489845.408977
3 5 6368879.368211
3 6 1644595.991981
3 7 48370671.896014
3 8 93258871.470283
3 9 70360895.436342
3 10 80120645.548069
4 1 33989022.570304
4 2 75089713.544167
4 3 71682416.995095
4 4 42094099.508726
4 5 83342421.188977
4 6 6186482.386257
4 7 8654887.951427
4 8 88498209.469476
4 9 32479662.351683
4 10 99592883.791115
5 1 32971630.343892
5 2 100406716.954794
5 3 5839928.120545
5 4 45156151.825658
5 5 9733146.353033
5 6 5062775.896883
5 7 6512378.430256
5 8 60144850.554291
5 9 17118914.088589
5 10 2569882.781097
6 1 39157407.327456
6 2 35425020.908890
6 3 43506517.243016
6 4 24271193.532883
6 5 89157458.671654
6 6 43691534.292113
6 7 38261142.820552
6 8 99058591.637348
6 9 20078783.786903
6 10 6061021.478781
7 1 73542160.808331
7 2 35356092.988638
7 3 6026456.746841
7 4 43206217.239578
7 5 93715367.784234
7 6 85591144.201297
7 7 58037711.939565
7 8 61962068.662343
7 9 24026418.798537
7 10 28272943.008224
8 1 32630215.440655
8 2 46253758.415405
8 3 78550620.697881
8 4 41484127.723220
8 5 55766416.041081
8 6 29275622.549903
8 7 85324905.070733
8 8 89899441.532497
8 9 65994956.627973
8 10 43525966.202970
9 1 42936148.780110
9 2 52523780.634833
9 3 97600423.499850
9 4 91394391.381825
9 5 6580298.632376
9 6 35966669.405024
9 7 52217031.235348
9 8 64598259.296548
9 9 99927446.211052
9 10 4383573.875685
10 1 65172255.544729
10 2 47794357.896128
10 3 85483419.132950
10 4 12743200.414337
10 5 11295008.686349
10 6 79546447.756261
10 7 73409545.102115
10 8 7127288.034611
10 9 36596594.009550
10 10 41578047.053154

