10 15
1 1 25932416.874047
1 2 78218073.714208
1 3 94189196.850061
1 4 32602906.279268
1 5 97144632.588592
1 6 7348179.849220
1 7 93901291.779651
1 8 52956293.257234
1 9 43935502.851953
1 10 9663916.117341
1 11 95020362.765616
1 12 33808741.796428
1 13 28860845.766632
1 14 46749454.964703
1 15 98672434.049034
2 1 25359025.256745
2 2 32833976.047014
2 3 64611964.263148
2 4 70204699.125829
2 5 92342049.513479
2 6 13469160.556875
2 7 6098004.734238
2 8 20522985.939639
2 9 24209521.183183
2 10 78748234.223633
2 11 48570703.945284
2 12 92059384.577357
2 13 42284457.463925
2 14 50564978.129188
2 15 47354085.844108
3 1 29221911.173450
3 2 8690057.314246
3 3 62734182.295343
3 4 57331200.756981
3 5 16117242.265042
3 6 66348061.061545
3 7 18991254.378480
3 8 7574916.428997
3 9 36025217.828513
3 10 76542742.319191
3 11 2000723.579951
3 12 32315202.752485
3 13 52587266.877170
3 14 93446911.673778
3 15 73888916.617669
4 1 67268510.803626
4 2 30048643.129222
4 3 49324174.792836
4 4 40436201.637398
4 5 36268178.670220
4 6 45928164.686845
4 7 50737701.017071
4 8 87161068.279672
4 9 60623617.438967
4 10 13924044.521814
4 11 32665687.118913
4 12 94250566.884320
4 13 8992271.982135
4 14 100116091.045427
4 15 30970705.220315
5 1 63081441.963747
5 2 42456777.264555
5 3 90745924.763663
5 4 39714171.595575
5 5 18488705.345881
5 6 63457018.511671
5 7 62147488.798693
5 8 30244039.675083
5 9 62180541.953434
5 10 29839843.932201
5 11 54970721.803784
5 12 31091329.080756
5 13 67735688.929780
5 14 99532622.246801
5 15 13895526.098669
6 1 6691248.398747
6 2 39840438.677557
6 3 6337942.421548
6 4 37806762.714679
6 5 9989610.617714
6 6 28113622.771500
6 7 19655441.399506
6 8 39545882.667474
6 9 39883468.241808
6 10 79310742.485106
6 11 18312556.216348
6 12 53067243.023605
6 13 50054065.036091
6 14 2143315.695677
6 15 5538318.083535
7 1 58653830.805679
7 2 88358539.736333
7 3 2429809.960702
7 4 18860251.021275
7 5 61226938.284800
7 6 73734131.112542
7 7 55508137.883762
7 8 80446239.276628
7 9 68709346.189248
7 10 63696754.655355
7 11 29473135.303842
7 12 67977339.737915
7 13 55466116.037643
7 14 59237904.235184
7 15 70174568.353672
8 1 11011839.891161
8 2 29019158.285222
8 3 97066131.346082
8 4 15875188.369654
8 5 87202586.266724
8 6 7169813.739796
8 7 70209032.313798
8 8 32955406.081961
8 9 77030578.667057
8 10 69501110.325828
8 11 1213292.631339
8 12 35566302.991045
8 13 93488631.204457
8 14 31479905.192587
8 15 84194950.728938
9 1 84548055.162511
9 2 46198535.461752
9 3 43041153.009500
9 4 49212922.711025
9 5 55829902.283419
9 6 26735467.453710
9 7 90470918.485347
9 8 581554.134174
9 9 31570095.965432
9 10 71712648.539065
9 11 22991895.363875
9 12 43627342.647083
9 13 6746471.352399
9 14 83266439.241799
9 15 67639351.076328
10 1 83933649.417222
10 2 81818247.513811
10 3 50788389.239128
10 4 89009626.421639
10 5 28804615.094847
10 6 78965095.165713
10 7 54233172.902724
10 8 59628092.696027
10 9 55327353.250820
10 10 65057879.536709
10 11 46203170.965161
10 12 76410025.841161
10 13 85464877.119315
10 14 46971757.584698
10 15 35153944.731291

